0.112511
0.023181
0.015772
0.294039
0.027281
0.023704
1.404069
0.479688
0.246773
1.527031
0.469121
0.049283
2.125089
0.778546
0.535308
5.533036
1.331039
0.716899
17.571736
2.365021
1.292126
0.092719
0.016789
0.011876
0.067096
0.022707
0.021369
0.225083
0.030220
0.024675
0.315572
0.067401
0.050477
1.166663
0.169119
0.102006
4.165636
0.678719
0.334364
16.310530
3.343791
1.947209
0.110338
0.288239
0.026589
1.573482
0.242828
0.029988
0.318357
0.031760
1.538513
0.633824
1.956879
0.044084
1.563637
0.439684
0.127519
4.675538
2.250685
1.218016
19.314995
3.937357
1.827161
0.260023
0.009413
0.007842
0.091419
0.028810
0.021366
0.160839
0.037845
0.029891
0.358336
0.065224
0.051290
1.075931
0.182146
0.105510
3.940328
0.596722
0.327020
17.740799
2.880658
1.235464
0.061422
0.016986
0.007718
0.092153
0.022637
0.022854
0.140204
0.031153
0.024029
0.353534
0.061603
0.052612
1.138089
0.186954
0.111296
3.916213
0.566616
0.349346
17.288374
2.636645
1.223587
