0.408006
0.341820
0.376366
0.538758
0.555438
0.484483
0.874418
0.466273
0.572859
1.594722
0.648360
0.589141
2.586594
0.853705
0.757180
7.760464
1.566482
1.176798
26.830539
2.274497
1.283370
0.056764
0.011908
0.008507
0.081413
0.024935
0.020689
0.233189
0.035350
0.023354
0.332563
0.068780
0.047848
1.049368
0.178479
0.101694
3.902163
0.634278
0.311536
15.838616
2.474530
1.220341
0.054820
0.011376
0.008757
0.088928
0.030441
0.023069
0.175228
0.044516
0.028083
0.431106
0.081696
0.060118
1.231227
0.195753
0.112456
4.440800
0.816948
0.343985
16.018120
2.741111
1.247911
0.112545
0.011206
0.006627
0.098687
0.028143
0.023474
0.164128
0.035529
0.027564
0.313397
0.074652
0.054317
1.125540
0.198548
0.115336
4.088112
0.747263
0.367791
16.500132
3.044900
1.249806
0.054889
0.011344
0.009238
0.095072
0.028782
0.021400
0.163833
0.035335
0.026799
0.341195
0.067028
0.051076
1.069324
0.190541
0.105272
4.098077
0.758970
0.372036
16.764883
2.874120
1.284026
