0.023249
0.005476
0.004388
0.043489
0.010410
0.008955
0.049572
0.014099
0.011725
0.120335
0.024282
0.018463
0.409778
0.080248
0.067737
1.676486
0.332958
0.274823
7.659153
1.455268
1.174450
0.031401
0.005710
0.004605
0.022744
0.010511
0.009274
0.064474
0.013722
0.011209
0.123392
0.026361
0.021942
0.385497
0.088463
0.072781
1.430339
0.332211
0.279601
7.129363
1.363930
1.141816
0.014823
0.005165
0.004529
0.047758
0.010515
0.009019
0.039644
0.013254
0.011438
0.114986
0.023564
0.019362
0.420207
0.082931
0.070485
1.515125
0.334506
0.286425
8.677227
1.395102
1.170532
0.034287
0.005663
0.004338
0.051637
0.010285
0.009094
0.058029
0.013834
0.011609
0.132102
0.029119
0.024847
0.474070
0.088233
0.074489
1.914448
0.367485
0.283754
7.398571
1.370958
1.134760
0.029960
0.005365
0.004583
0.042360
0.010131
0.008882
0.051919
0.014189
0.011561
0.136343
0.027594
0.022852
0.366111
0.079428
0.066344
2.238262
0.377626
0.289511
8.669014
1.384440
1.146477
