0.376038
0.056226
0.019775
0.093898
0.036023
0.063123
0.153668
0.034201
0.031683
0.269675
0.061923
0.251968
0.867769
0.370174
0.102510
3.668806
0.472731
0.317401
14.264178
2.440367
2.219447
0.029554
0.009420
0.008007
0.288609
0.259763
0.020611
1.127471
0.695446
0.027259
0.502637
0.275667
0.089171
2.130326
0.208127
1.111252
4.591855
0.743965
0.548205
13.381255
1.923469
1.367072
0.251595
0.151437
0.006507
0.288363
0.060832
0.058540
0.470910
0.072151
0.032045
0.833378
0.112486
0.045070
1.231009
0.147394
0.131418
4.479524
0.715949
0.459484
14.275930
1.884231
1.518075
0.188028
0.202435
0.005895
0.308073
0.697159
0.035379
0.504686
0.114372
0.116102
0.691236
0.264116
0.142131
1.336434
0.137892
0.096006
4.324130
0.551616
0.440678
13.307518
2.105430
1.211400
0.042393
0.010488
0.007244
0.045139
0.022323
0.020480
0.133030
0.032655
0.024656
0.311497
0.061603
0.040138
1.039275
0.189944
0.104844
3.773762
0.475950
0.320401
14.812763
1.854687
1.227176
